量 1 14 26 35 68 84 109 
子 1 14 26 35 68 84 109 110 
物 1 31 35 68 80 84 101 109 111 
理 1 4 8 14 24 25 33 35 37 54 55 60 63 67 68 70 72 73 74 77 84 95 97 100 103 105 109 113 117 118 
入 1 84 99 111 
门 1 84 99 111 
现 2 16 30 36 44 46 59 83 89 106 117 
代 2 16 17 30 36 44 46 48 59 83 89 96 106 117 119 
经 2 25 41 97 116 
济 2 25 41 97 
学 2 4 6 10 13 16 22 25 32 35 37 41 47 49 57 62 66 68 70 71 73 74 87 88 97 100 102 103 104 109 111 119 
导 2 29 49 61 104 
论 2 8 14 29 31 46 49 54 61 67 100 104 113 
编 3 18 36 99 
程 3 13 18 20 99 115 
艺 3 17 48 64 92 94 96 107 
术 3 17 46 48 60 64 89 92 94 96 107 
心 4 37 60 70 74 77 95 103 
的 4 88 
秘 4 80 91 
密 4 
古 5 17 75 81 119 
诗 5 30 34 83 106 
词 5 
鉴 5 19 75 81 94 106 
赏 5 19 64 75 81 94 106 116 
机 6 29 
器 6 29 
习 6 
实 6 20 114 
战 6 20 72 
数 7 12 20 49 66 107 
据 7 20 49 
结 7 
构 7 
基 7 18 35 40 52 53 55 62 109 115 
础 7 18 35 40 52 53 55 62 109 115 
世 8 19 28 33 51 56 101 
界 8 19 28 33 51 56 101 
地 8 33 105 
概 8 31 46 67 
瑜 9 
伽 9 
与 9 21 23 24 37 38 47 50 52 53 54 60 64 69 87 94 112 113 
冥 9 
想 9 27 
西 10 32 102 
方 10 32 65 102 103 
哲 10 22 32 87 102 
史 10 22 28 32 39 45 56 93 102 
中 11 17 22 39 43 57 71 93 
式 11 
烹 11 
饪 11 
技 11 36 40 46 60 89 
巧 11 40 
字 12 107 
营 12 23 47 58 62 112 
销 12 58 
策 12 58 86 110 
略 12 58 72 86 110 
金 13 41 86 
融 13 41 86 
工 13 24 52 61 65 90 114 118 
信 14 26 46 
息 14 
未 15 78 80 
来 15 78 
教 15 20 69 99 115 
育 15 69 
趋 15 
势 15 
天 16 42 
文 16 39 42 71 88 100 119 
探 16 26 80 91 100 
索 16 91 
国 17 22 39 43 57 93 
建 17 51 63 108 
筑 17 51 63 108 
Pyt 18 
hon 18 
名 19 71 
画 19 77 
分 20 53 
析 20 48 53 77 
互 21 58 
联 21 58 
网 21 38 58 88 
思 21 27 
维 21 
创 21 36 
新 21 90 100 
简 22 32 45 
养 23 47 62 112 
健 23 47 95 98 112 
康 23 47 95 98 112 
人 24 45 52 61 87 90 118 
智 24 52 61 90 118 
能 24 52 61 90 118 
原 24 25 55 63 73 97 
应 24 52 73 
用 24 52 
通 26 46 
初 26 
儒 27 
家 27 59 
研 27 103 
究 27 103 
电 28 54 64 110 113 
影 28 40 54 64 92 113 
视 29 
觉 29 
歌 30 83 106 
精 30 83 
选 30 71 83 119 
生 31 37 80 85 87 98 
多 31 
样 31 
性 31 
之 33 
谜 33 
唐 34 
三 34 
百 34 85 
首 34 
详 34 
注 34 
舞 36 
蹈 36 
法 36 53 57 65 103 115 
活 37 85 98 
络 38 88 
安 38 
全 38 
防 38 
护 38 50 
茶 39 87 
化 39 73 
摄 40 92 
星 42 76 
座 42 
观 42 101 
测 42 
指 42 81 98 120 
南 42 81 98 120 
传 43 
统 43 
节 43 
日 43 
故 43 93 
事 43 56 93 
室 44 
内 44 
设 44 59 63 82 108 
计 44 55 59 63 82 108 
案 44 53 
例 44 53 
类 45 
饮 47 112 
食 47 79 112 
当 48 96 
流 48 96 
派 48 96 
解 48 77 82 
科 49 85 104 
环 50 85 104 108 120 
境 50 104 
保 50 85 108 
可 50 
持 50 
续 50 
发 50 74 
展 50 74 89 
巡 51 
礼 51 
律 53 115 
批 54 113 
评 54 113 
会 55 65 114 
历 56 93 
大 56 101 
记 56 79 
书 57 
美 57 79 
具 59 
咨 60 
询 60 
治 60 
疗 60 89 
欣 64 116 
社 65 114 
作 65 114 
高 66 
等 66 
旅 67 79 92 105 120 
游 67 105 
管 67 72 117 
体 69 107 
训 69 
练 69 
犯 70 
罪 70 
外 71 
著 71 
读 71 119 
企 72 117 
业 72 117 
反 73 
儿 74 
童 74 
典 75 81 116 
音 75 81 116 
乐 75 81 116 
际 76 
迷 76 
航 76 
： 76 
暗 76 
黑 76 
宇 76 91 
宙 76 91 
绘 77 
城 78 
市 78 
规 78 
划 78 
行 79 92 120 
深 80 
海 80 
知 80 
时 82 
尚 82 
元 82 90 
素 82 
码 82 
小 85 
投 86 
资 86 
道 87 
兴 88 
衰 88 
医 89 
进 89 
纪 90 
奥 91 
收 94 
藏 94 
手 95 
册 95 
动 101 
媒 107 
商 110 
务 110 114 
植 111 
伦 118 
球 120 
量 1 14 26 35 68 84 109 
子 1 14 26 35 68 84 109 110 
物 1 31 35 68 80 84 101 109 111 
理 1 4 8 14 24 25 33 35 37 54 55 60 63 67 68 70 72 73 74 77 84 95 97 100 103 105 109 113 117 118 
入 1 84 99 111 
门 1 84 99 111 
现 2 16 30 36 44 46 59 83 89 106 117 
代 2 16 17 30 36 44 46 48 59 83 89 96 106 117 119 
经 2 25 41 97 116 
济 2 25 41 97 
学 2 4 6 10 13 16 22 25 32 35 37 41 47 49 57 62 66 68 70 71 73 74 87 88 97 100 102 103 104 109 111 119 
导 2 29 49 61 104 
论 2 8 14 29 31 46 49 54 61 67 100 104 113 
编 3 18 36 99 
程 3 13 18 20 99 115 
艺 3 17 48 64 92 94 96 107 
术 3 17 46 48 60 64 89 92 94 96 107 
心 4 37 60 70 74 77 95 103 
的 4 88 
秘 4 80 91 
密 4 
古 5 17 75 81 119 
诗 5 30 34 83 106 
词 5 
鉴 5 19 75 81 94 106 
赏 5 19 64 75 81 94 106 116 
机 6 29 
器 6 29 
习 6 
实 6 20 114 
战 6 20 72 
数 7 12 20 49 66 107 
据 7 20 49 
结 7 
构 7 
基 7 18 35 40 52 53 55 62 109 115 
础 7 18 35 40 52 53 55 62 109 115 
世 8 19 28 33 51 56 101 
界 8 19 28 33 51 56 101 
地 8 33 105 
概 8 31 46 67 
瑜 9 
伽 9 
与 9 21 23 24 37 38 47 50 52 53 54 60 64 69 87 94 112 113 
冥 9 
想 9 27 
西 10 32 102 
方 10 32 65 102 103 
哲 10 22 32 87 102 
史 10 22 28 32 39 45 56 93 102 
中 11 17 22 39 43 57 71 93 
式 11 
烹 11 
饪 11 
技 11 36 40 46 60 89 
巧 11 40 
字 12 107 
营 12 23 47 58 62 112 
销 12 58 
策 12 58 86 110 
略 12 58 72 86 110 
金 13 41 86 
融 13 41 86 
工 13 24 52 61 65 90 114 118 
信 14 26 46 
息 14 
未 15 78 80 
来 15 78 
教 15 20 69 99 115 
育 15 69 
趋 15 
势 15 
天 16 42 
文 16 39 42 71 88 100 119 
探 16 26 80 91 100 
索 16 91 
国 17 22 39 43 57 93 
建 17 51 63 108 
筑 17 51 63 108 
Pyt 18 
hon 18 
名 19 71 
画 19 77 
分 20 53 
析 20 48 53 77 
互 21 58 
联 21 58 
网 21 38 58 88 
思 21 27 
维 21 
创 21 36 
新 21 90 100 
简 22 32 45 
养 23 47 62 112 
健 23 47 95 98 112 
康 23 47 95 98 112 
人 24 45 52 61 87 90 118 
智 24 52 61 90 118 
能 24 52 61 90 118 
原 24 25 55 63 73 97 
应 24 52 73 
用 24 52 
通 26 46 
初 26 
儒 27 
家 27 59 
研 27 103 
究 27 103 
电 28 54 64 110 113 
影 28 40 54 64 92 113 
视 29 
觉 29 
歌 30 83 106 
精 30 83 
选 30 71 83 119 
生 31 37 80 85 87 98 
多 31 
样 31 
性 31 
之 33 
谜 33 
唐 34 
三 34 
百 34 85 
首 34 
详 34 
注 34 
舞 36 
蹈 36 
法 36 53 57 65 103 115 
活 37 85 98 
络 38 88 
安 38 
全 38 
防 38 
护 38 50 
茶 39 87 
化 39 73 
摄 40 92 
星 42 76 
座 42 
观 42 101 
测 42 
指 42 81 98 120 
南 42 81 98 120 
传 43 
统 43 
节 43 
日 43 
故 43 93 
事 43 56 93 
室 44 
内 44 
设 44 59 63 82 108 
计 44 55 59 63 82 108 
案 44 53 
例 44 53 
类 45 
饮 47 112 
食 47 79 112 
当 48 96 
流 48 96 
派 48 96 
解 48 77 82 
科 49 85 104 
环 50 85 104 108 120 
境 50 104 
保 50 85 108 
可 50 
持 50 
续 50 
发 50 74 
展 50 74 89 
巡 51 
礼 51 
律 53 115 
批 54 113 
评 54 113 
会 55 65 114 
历 56 93 
大 56 101 
记 56 79 
书 57 
美 57 79 
具 59 
咨 60 
询 60 
治 60 
疗 60 89 
欣 64 116 
社 65 114 
作 65 114 
高 66 
等 66 
旅 67 79 92 105 120 
游 67 105 
管 67 72 117 
体 69 107 
训 69 
练 69 
犯 70 
罪 70 
外 71 
著 71 
读 71 119 
企 72 117 
业 72 117 
反 73 
儿 74 
童 74 
典 75 81 116 
音 75 81 116 
乐 75 81 116 
际 76 
迷 76 
航 76 
： 76 
暗 76 
黑 76 
宇 76 91 
宙 76 91 
绘 77 
城 78 
市 78 
规 78 
划 78 
行 79 92 120 
深 80 
海 80 
知 80 
时 82 
尚 82 
元 82 90 
素 82 
码 82 
小 85 
投 86 
资 86 
道 87 
兴 88 
衰 88 
医 89 
进 89 
纪 90 
奥 91 
收 94 
藏 94 
手 95 
册 95 
动 101 
媒 107 
商 110 
务 110 114 
植 111 
伦 118 
球 120 
量 1 14 26 35 68 84 109 
子 1 14 26 35 68 84 109 110 
物 1 31 35 68 80 84 101 109 111 
理 1 4 8 14 24 25 33 35 37 54 55 60 63 67 68 70 72 73 74 77 84 95 97 100 103 105 109 113 117 118 
入 1 84 99 111 
门 1 84 99 111 
现 2 16 30 36 44 46 59 83 89 106 117 
代 2 16 17 30 36 44 46 48 59 83 89 96 106 117 119 
经 2 25 41 97 116 
济 2 25 41 97 
学 2 4 6 10 13 16 22 25 32 35 37 41 47 49 57 62 66 68 70 71 73 74 87 88 97 100 102 103 104 109 111 119 
导 2 29 49 61 104 
论 2 8 14 29 31 46 49 54 61 67 100 104 113 
编 3 18 36 99 
程 3 13 18 20 99 115 
艺 3 17 48 64 92 94 96 107 
术 3 17 46 48 60 64 89 92 94 96 107 
心 4 37 60 70 74 77 95 103 
的 4 88 
秘 4 80 91 
密 4 
古 5 17 75 81 119 
诗 5 30 34 83 106 
词 5 
鉴 5 19 75 81 94 106 
赏 5 19 64 75 81 94 106 116 
机 6 29 
器 6 29 
习 6 
实 6 20 114 
战 6 20 72 
数 7 12 20 49 66 107 
据 7 20 49 
结 7 
构 7 
基 7 18 35 40 52 53 55 62 109 115 
础 7 18 35 40 52 53 55 62 109 115 
世 8 19 28 33 51 56 101 
界 8 19 28 33 51 56 101 
地 8 33 105 
概 8 31 46 67 
瑜 9 
伽 9 
与 9 21 23 24 37 38 47 50 52 53 54 60 64 69 87 94 112 113 
冥 9 
想 9 27 
西 10 32 102 
方 10 32 65 102 103 
哲 10 22 32 87 102 
史 10 22 28 32 39 45 56 93 102 
中 11 17 22 39 43 57 71 93 
式 11 
烹 11 
饪 11 
技 11 36 40 46 60 89 
巧 11 40 
字 12 107 
营 12 23 47 58 62 112 
销 12 58 
策 12 58 86 110 
略 12 58 72 86 110 
金 13 41 86 
融 13 41 86 
工 13 24 52 61 65 90 114 118 
信 14 26 46 
息 14 
未 15 78 80 
来 15 78 
教 15 20 69 99 115 
育 15 69 
趋 15 
势 15 
天 16 42 
文 16 39 42 71 88 100 119 
探 16 26 80 91 100 
索 16 91 
国 17 22 39 43 57 93 
建 17 51 63 108 
筑 17 51 63 108 
Pyt 18 
hon 18 
名 19 71 
画 19 77 
分 20 53 
析 20 48 53 77 
互 21 58 
联 21 58 
网 21 38 58 88 
思 21 27 
维 21 
创 21 36 
新 21 90 100 
简 22 32 45 
养 23 47 62 112 
健 23 47 95 98 112 
康 23 47 95 98 112 
人 24 45 52 61 87 90 118 
智 24 52 61 90 118 
能 24 52 61 90 118 
原 24 25 55 63 73 97 
应 24 52 73 
用 24 52 
通 26 46 
初 26 
儒 27 
家 27 59 
研 27 103 
究 27 103 
电 28 54 64 110 113 
影 28 40 54 64 92 113 
视 29 
觉 29 
歌 30 83 106 
精 30 83 
选 30 71 83 119 
生 31 37 80 85 87 98 
多 31 
样 31 
性 31 
之 33 
谜 33 
唐 34 
三 34 
百 34 85 
首 34 
详 34 
注 34 
舞 36 
蹈 36 
法 36 53 57 65 103 115 
活 37 85 98 
络 38 88 
安 38 
全 38 
防 38 
护 38 50 
茶 39 87 
化 39 73 
摄 40 92 
星 42 76 
座 42 
观 42 101 
测 42 
指 42 81 98 120 
南 42 81 98 120 
传 43 
统 43 
节 43 
日 43 
故 43 93 
事 43 56 93 
室 44 
内 44 
设 44 59 63 82 108 
计 44 55 59 63 82 108 
案 44 53 
例 44 53 
类 45 
饮 47 112 
食 47 79 112 
当 48 96 
流 48 96 
派 48 96 
解 48 77 82 
科 49 85 104 
环 50 85 104 108 120 
境 50 104 
保 50 85 108 
可 50 
持 50 
续 50 
发 50 74 
展 50 74 89 
巡 51 
礼 51 
律 53 115 
批 54 113 
评 54 113 
会 55 65 114 
历 56 93 
大 56 101 
记 56 79 
书 57 
美 57 79 
具 59 
咨 60 
询 60 
治 60 
疗 60 89 
欣 64 116 
社 65 114 
作 65 114 
高 66 
等 66 
旅 67 79 92 105 120 
游 67 105 
管 67 72 117 
体 69 107 
训 69 
练 69 
犯 70 
罪 70 
外 71 
著 71 
读 71 119 
企 72 117 
业 72 117 
反 73 
儿 74 
童 74 
典 75 81 116 
音 75 81 116 
乐 75 81 116 
际 76 
迷 76 
航 76 
： 76 
暗 76 
黑 76 
宇 76 91 
宙 76 91 
绘 77 
城 78 
市 78 
规 78 
划 78 
行 79 92 120 
深 80 
海 80 
知 80 
时 82 
尚 82 
元 82 90 
素 82 
码 82 
小 85 
投 86 
资 86 
道 87 
兴 88 
衰 88 
医 89 
进 89 
纪 90 
奥 91 
收 94 
藏 94 
手 95 
册 95 
动 101 
媒 107 
商 110 
务 110 114 
植 111 
伦 118 
球 120 
量 1 14 26 35 68 84 109 
子 1 14 26 35 68 84 109 110 
物 1 31 35 68 80 84 101 109 111 
理 1 4 8 14 24 25 33 35 37 54 55 60 63 67 68 70 72 73 74 77 84 95 97 100 103 105 109 113 117 118 
入 1 84 99 111 
门 1 84 99 111 
现 2 16 30 36 44 46 59 83 89 106 117 
代 2 16 17 30 36 44 46 48 59 83 89 96 106 117 119 
经 2 25 41 97 116 
济 2 25 41 97 
学 2 4 6 10 13 16 22 25 32 35 37 41 47 49 57 62 66 68 70 71 73 74 87 88 97 100 102 103 104 109 111 119 
导 2 29 49 61 104 
论 2 8 14 29 31 46 49 54 61 67 100 104 113 
编 3 18 36 99 
程 3 13 18 20 99 115 
艺 3 17 48 64 92 94 96 107 
术 3 17 46 48 60 64 89 92 94 96 107 
心 4 37 60 70 74 77 95 103 
的 4 88 
秘 4 80 91 
密 4 
古 5 17 75 81 119 
诗 5 30 34 83 106 
词 5 
鉴 5 19 75 81 94 106 
赏 5 19 64 75 81 94 106 116 
机 6 29 
器 6 29 
习 6 
实 6 20 114 
战 6 20 72 
数 7 12 20 49 66 107 
据 7 20 49 
结 7 
构 7 
基 7 18 35 40 52 53 55 62 109 115 
础 7 18 35 40 52 53 55 62 109 115 
世 8 19 28 33 51 56 101 
界 8 19 28 33 51 56 101 
地 8 33 105 
概 8 31 46 67 
瑜 9 
伽 9 
与 9 21 23 24 37 38 47 50 52 53 54 60 64 69 87 94 112 113 
冥 9 
想 9 27 
西 10 32 102 
方 10 32 65 102 103 
哲 10 22 32 87 102 
史 10 22 28 32 39 45 56 93 102 
中 11 17 22 39 43 57 71 93 
式 11 
烹 11 
饪 11 
技 11 36 40 46 60 89 
巧 11 40 
字 12 107 
营 12 23 47 58 62 112 
销 12 58 
策 12 58 86 110 
略 12 58 72 86 110 
金 13 41 86 
融 13 41 86 
工 13 24 52 61 65 90 114 118 
信 14 26 46 
息 14 
未 15 78 80 
来 15 78 
教 15 20 69 99 115 
育 15 69 
趋 15 
势 15 
天 16 42 
文 16 39 42 71 88 100 119 
探 16 26 80 91 100 
索 16 91 
国 17 22 39 43 57 93 
建 17 51 63 108 
筑 17 51 63 108 
Pyt 18 
hon 18 
名 19 71 
画 19 77 
分 20 53 
析 20 48 53 77 
互 21 58 
联 21 58 
网 21 38 58 88 
思 21 27 
维 21 
创 21 36 
新 21 90 100 
简 22 32 45 
养 23 47 62 112 
健 23 47 95 98 112 
康 23 47 95 98 112 
人 24 45 52 61 87 90 118 
智 24 52 61 90 118 
能 24 52 61 90 118 
原 24 25 55 63 73 97 
应 24 52 73 
用 24 52 
通 26 46 
初 26 
儒 27 
家 27 59 
研 27 103 
究 27 103 
电 28 54 64 110 113 
影 28 40 54 64 92 113 
视 29 
觉 29 
歌 30 83 106 
精 30 83 
选 30 71 83 119 
生 31 37 80 85 87 98 
多 31 
样 31 
性 31 
之 33 
谜 33 
唐 34 
三 34 
百 34 85 
首 34 
详 34 
注 34 
舞 36 
蹈 36 
法 36 53 57 65 103 115 
活 37 85 98 
络 38 88 
安 38 
全 38 
防 38 
护 38 50 
茶 39 87 
化 39 73 
摄 40 92 
星 42 76 
座 42 
观 42 101 
测 42 
指 42 81 98 120 
南 42 81 98 120 
传 43 
统 43 
节 43 
日 43 
故 43 93 
事 43 56 93 
室 44 
内 44 
设 44 59 63 82 108 
计 44 55 59 63 82 108 
案 44 53 
例 44 53 
类 45 
饮 47 112 
食 47 79 112 
当 48 96 
流 48 96 
派 48 96 
解 48 77 82 
科 49 85 104 
环 50 85 104 108 120 
境 50 104 
保 50 85 108 
可 50 
持 50 
续 50 
发 50 74 
展 50 74 89 
巡 51 
礼 51 
律 53 115 
批 54 113 
评 54 113 
会 55 65 114 
历 56 93 
大 56 101 
记 56 79 
书 57 
美 57 79 
具 59 
咨 60 
询 60 
治 60 
疗 60 89 
欣 64 116 
社 65 114 
作 65 114 
高 66 
等 66 
旅 67 79 92 105 120 
游 67 105 
管 67 72 117 
体 69 107 
训 69 
练 69 
犯 70 
罪 70 
外 71 
著 71 
读 71 119 
企 72 117 
业 72 117 
反 73 
儿 74 
童 74 
典 75 81 116 
音 75 81 116 
乐 75 81 116 
际 76 
迷 76 
航 76 
： 76 
暗 76 
黑 76 
宇 76 91 
宙 76 91 
绘 77 
城 78 
市 78 
规 78 
划 78 
行 79 92 120 
深 80 
海 80 
知 80 
时 82 
尚 82 
元 82 90 
素 82 
码 82 
小 85 
投 86 
资 86 
道 87 
兴 88 
衰 88 
医 89 
进 89 
纪 90 
奥 91 
收 94 
藏 94 
手 95 
册 95 
动 101 
媒 107 
商 110 
务 110 114 
植 111 
伦 118 
球 120 
量 1 14 26 35 68 84 109 
子 1 14 26 35 68 84 109 110 
物 1 31 35 68 80 84 101 109 111 
理 1 4 8 14 24 25 33 35 37 54 55 60 63 67 68 70 72 73 74 77 84 95 97 100 103 105 109 113 117 118 
入 1 84 99 111 
门 1 84 99 111 
现 2 16 30 36 44 46 59 83 89 106 117 
代 2 16 17 30 36 44 46 48 59 83 89 96 106 117 119 
经 2 25 41 97 116 
济 2 25 41 97 
学 2 4 6 10 13 16 22 25 32 35 37 41 47 49 57 62 66 68 70 71 73 74 87 88 97 100 102 103 104 109 111 119 
导 2 29 49 61 104 
论 2 8 14 29 31 46 49 54 61 67 100 104 113 
编 3 18 36 99 
程 3 13 18 20 99 115 
艺 3 17 48 64 92 94 96 107 
术 3 17 46 48 60 64 89 92 94 96 107 
心 4 37 60 70 74 77 95 103 
的 4 88 
秘 4 80 91 
密 4 
古 5 17 75 81 119 
诗 5 30 34 83 106 
词 5 
鉴 5 19 75 81 94 106 
赏 5 19 64 75 81 94 106 116 
机 6 29 
器 6 29 
习 6 
实 6 20 114 
战 6 20 72 
数 7 12 20 49 66 107 
据 7 20 49 
结 7 
构 7 
基 7 18 35 40 52 53 55 62 109 115 
础 7 18 35 40 52 53 55 62 109 115 
世 8 19 28 33 51 56 101 
界 8 19 28 33 51 56 101 
地 8 33 105 
概 8 31 46 67 
瑜 9 
伽 9 
与 9 21 23 24 37 38 47 50 52 53 54 60 64 69 87 94 112 113 
冥 9 
想 9 27 
西 10 32 102 
方 10 32 65 102 103 
哲 10 22 32 87 102 
史 10 22 28 32 39 45 56 93 102 
中 11 17 22 39 43 57 71 93 
式 11 
烹 11 
饪 11 
技 11 36 40 46 60 89 
巧 11 40 
字 12 107 
营 12 23 47 58 62 112 
销 12 58 
策 12 58 86 110 
略 12 58 72 86 110 
金 13 41 86 
融 13 41 86 
工 13 24 52 61 65 90 114 118 
信 14 26 46 
息 14 
未 15 78 80 
来 15 78 
教 15 20 69 99 115 
育 15 69 
趋 15 
势 15 
天 16 42 
文 16 39 42 71 88 100 119 
探 16 26 80 91 100 
索 16 91 
国 17 22 39 43 57 93 
建 17 51 63 108 
筑 17 51 63 108 
Pyt 18 
hon 18 
名 19 71 
画 19 77 
分 20 53 
析 20 48 53 77 
互 21 58 
联 21 58 
网 21 38 58 88 
思 21 27 
维 21 
创 21 36 
新 21 90 100 
简 22 32 45 
养 23 47 62 112 
健 23 47 95 98 112 
康 23 47 95 98 112 
人 24 45 52 61 87 90 118 
智 24 52 61 90 118 
能 24 52 61 90 118 
原 24 25 55 63 73 97 
应 24 52 73 
用 24 52 
通 26 46 
初 26 
儒 27 
家 27 59 
研 27 103 
究 27 103 
电 28 54 64 110 113 
影 28 40 54 64 92 113 
视 29 
觉 29 
歌 30 83 106 
精 30 83 
选 30 71 83 119 
生 31 37 80 85 87 98 
多 31 
样 31 
性 31 
之 33 
谜 33 
唐 34 
三 34 
百 34 85 
首 34 
详 34 
注 34 
舞 36 
蹈 36 
法 36 53 57 65 103 115 
活 37 85 98 
络 38 88 
安 38 
全 38 
防 38 
护 38 50 
茶 39 87 
化 39 73 
摄 40 92 
星 42 76 
座 42 
观 42 101 
测 42 
指 42 81 98 120 
南 42 81 98 120 
传 43 
统 43 
节 43 
日 43 
故 43 93 
事 43 56 93 
室 44 
内 44 
设 44 59 63 82 108 
计 44 55 59 63 82 108 
案 44 53 
例 44 53 
类 45 
饮 47 112 
食 47 79 112 
当 48 96 
流 48 96 
派 48 96 
解 48 77 82 
科 49 85 104 
环 50 85 104 108 120 
境 50 104 
保 50 85 108 
可 50 
持 50 
续 50 
发 50 74 
展 50 74 89 
巡 51 
礼 51 
律 53 115 
批 54 113 
评 54 113 
会 55 65 114 
历 56 93 
大 56 101 
记 56 79 
书 57 
美 57 79 
具 59 
咨 60 
询 60 
治 60 
疗 60 89 
欣 64 116 
社 65 114 
作 65 114 
高 66 
等 66 
旅 67 79 92 105 120 
游 67 105 
管 67 72 117 
体 69 107 
训 69 
练 69 
犯 70 
罪 70 
外 71 
著 71 
读 71 119 
企 72 117 
业 72 117 
反 73 
儿 74 
童 74 
典 75 81 116 
音 75 81 116 
乐 75 81 116 
际 76 
迷 76 
航 76 
： 76 
暗 76 
黑 76 
宇 76 91 
宙 76 91 
绘 77 
城 78 
市 78 
规 78 
划 78 
行 79 92 120 
深 80 
海 80 
知 80 
时 82 
尚 82 
元 82 90 
素 82 
码 82 
小 85 
投 86 
资 86 
道 87 
兴 88 
衰 88 
医 89 
进 89 
纪 90 
奥 91 
收 94 
藏 94 
手 95 
册 95 
动 101 
媒 107 
商 110 
务 110 114 
植 111 
伦 118 
球 120 
